cases=[
#3^{1+4}:2.2 generic 2
(integer_lattice(; gram=matrix(ZZ, 19, 19, [4, 1, 2, -2, 0, -1, 1, 1, -1, -1, -2, -2, -1, 2, -2, -1, -1, -1, -2, 1, 4, 1, 0, -1, 0, -1, 1, 1, 1, -1, -2, -2, -1, -2, -1, -2, -2, -1, 2, 1, 4, -1, 0, -1, 0, 1, 1, 1, -2, -2, -2, 2, -1, -2, -2, -2, -1, -2, 0, -1, 4, 1, 2, -2, 1, 0, 2, 0, 1, -1, -1, 2, -1, 0, -1, 0, 0, -1, 0, 1, 4, 0, 0, 2, -1, 0, 0, -1, 1, -1, 0, 1, 1, -1, 1, -1, 0, -1, 2, 0, 4, -2, 1, 1, 0, 1, 2, 0, -1, 2, 0, -1, 0, 1, 1, -1, 0, -2, 0, -2, 4, 0, -2, -1, 1, 0, 1, 1, -1, 0, 2, 2, -1, 1, 1, 1, 1, 2, 1, 0, 4, 0, 0, -1, -1, 0, 0, -1, -1, 0, -1, -1, -1, 1, 1, 0, -1, 1, -2, 0, 4, 1, 0, 0, -1, 0, 0, 0, -1, -1, 1, -1, 1, 1, 2, 0, 0, -1, 0, 1, 4, -1, -1, -2, 0, 1, -2, -1, -2, 0, -2, -1, -2, 0, 0, 1, 1, -1, 0, -1, 4, 2, 1, -2, 1, 2, 1, 2, 2, -2, -2, -2, 1, -1, 2, 0, -1, 0, -1, 2, 4, 1, 0, 2, 1, 1, 2, 1, -1, -2, -2, -1, 1, 0, 1, 0, -1, -2, 1, 1, 4, -1, 0, 2, 2, 2, 1, 2, -1, 2, -1, -1, -1, 1, 0, 0, 0, -2, 0, -1, 4, 0, -2, 0, 0, -2, -2, -2, -1, 2, 0, 2, -1, -1, 0, 1, 1, 2, 0, 0, 4, 0, 0, 1, 1, -1, -1, -2, -1, 1, 0, 0, -1, 0, -2, 2, 1, 2, -2, 0, 4, 1, 1, 2, -1, -2, -2, 0, 1, -1, 2, 0, -1, -1, 1, 1, 2, 0, 0, 1, 4, 2, 0, -1, -2, -2, -1, -1, 0, 2, -1, -1, -2, 2, 2, 2, 0, 1, 1, 2, 4, 0, -2, -1, -1, 0, 1, 1, -1, -1, 1, 0, 2, 1, 1, -2, 1, 2, 0, 0, 4])),
integer_lattice(; gram=matrix(ZZ,3,3,[-6,0,0,0,0,3,0,3,0])),
[6]),
#A_6 generic 1
(integer_lattice(; gram=matrix(ZZ, 19, 19, [4, 1, -2, 2, -2, 1, -2, -2, -2, 0, 1, -2, -2, -1, -2, -1, 1, -2, -2, 1, 4, 0, 1, 1, -1, -1, 0, 1, 1, 2, 0, -2, -2, 1, -2, 1, -1, 0, -2, 0, 4, -2, 1, 0, 0, 2, 0, 1, 1, 2, 1, 1, 1, 1, 1, 1, 2, 2, 1, -2, 4, -2, -1, 0, 0, -1, 1, 1, 0, -2, 0, -2, 0, 1, -2, -2, -2, 1, 1, -2, 4, 0, 0, 0, 2, -1, 0, 1, 0, -1, 2, 0, 0, 2, 1, 1, -1, 0, -1, 0, 4, 0, -2, 0, -2, 0, -2, 0, -1, -1, 1, -1, -1, 1, -2, -1, 0, 0, 0, 0, 4, 1, 1, -1, 0, 0, 1, 0, 1, 0, -2, 1, 1, -2, 0, 2, 0, 0, -2, 1, 4, 0, 1, 1, 2, 0, 2, 1, 1, 0, 1, 0, -2, 1, 0, -1, 2, 0, 1, 0, 4, -1, -1, 0, 1, -1, 2, 0, -1, 0, 1, 0, 1, 1, 1, -1, -2, -1, 1, -1, 4, 0, 2, 0, 0, 0, 0, 2, 0, 0, 1, 2, 1, 1, 0, 0, 0, 1, -1, 0, 4, 0, -2, 0, 0, -1, 1, -1, 0, -2, 0, 2, 0, 1, -2, 0, 2, 0, 2, 0, 4, 1, 1, 0, 1, 1, 1, 0, -2, -2, 1, -2, 0, 0, 1, 0, 1, 0, -2, 1, 4, 1, 1, 1, -1, 1, 1, -1, -2, 1, 0, -1, -1, 0, 2, -1, 0, 0, 1, 1, 4, -1, 2, 0, 0, 0, -2, 1, 1, -2, 2, -1, 1, 1, 2, 0, 0, 0, 1, -1, 4, -1, 0, 2, 1, -1, -2, 1, 0, 0, 1, 0, 1, 0, 0, -1, 1, 1, 2, -1, 4, 0, 0, 0, 1, 1, 1, 1, 0, -1, -2, 0, -1, 2, 1, 1, -1, 0, 0, 0, 4, 0, -1, -2, -1, 1, -2, 2, -1, 1, 1, 0, 0, -1, 1, 1, 0, 2, 0, 0, 4, 0, -2, 0, 2, -2, 1, 1, 1, 0, 1, 0, 0, 0, 1, 0, 1, 0, -1, 0, 4])),
integer_lattice(; gram=matrix(ZZ,3,3,[-12,0,0,0,6,9,0,9,6])),
[2]),
#A_6 generic 2 already known
#L_2(7) generic 1
(integer_lattice(; gram=matrix(ZZ, 19, 19, [4, -1, 2, 1, -2, -2, 1, 1, -2, 2, 2, 1, -2, -1, 2, -1, 1, -1, 2, -1, 4, -2, -2, 2, 0, -1, -1, 1, -1, -2, -2, 1, 2, 0, 2, -2, 2, -1, 2, -2, 4, 2, -1, -2, 2, 1, -1, 2, 1, 2, -1, 0, 2, -1, 0, -2, 2, 1, -2, 2, 4, 0, -1, 2, 2, 0, 0, 2, 1, 0, 0, 1, -2, 0, 0, 2, -2, 2, -1, 0, 4, 1, 0, -1, 2, -2, -1, -2, 2, 1, -1, 0, -1, 1, -1, -2, 0, -2, -1, 1, 4, -2, -1, 0, -2, -1, -1, 0, 0, -1, 1, 0, 0, -1, 1, -1, 2, 2, 0, -2, 4, 2, 0, 1, 2, 0, 1, -1, 1, -2, -1, -1, 0, 1, -1, 1, 2, -1, -1, 2, 4, -1, 0, 1, 0, 1, 0, 2, -1, 0, -1, 1, -2, 1, -1, 0, 2, 0, 0, -1, 4, -2, -1, -1, 1, 0, -2, 0, 0, 2, -2, 2, -1, 2, 0, -2, -2, 1, 0, -2, 4, 1, 2, -1, -1, 1, -1, 0, -1, 1, 2, -2, 1, 2, -1, -1, 2, 1, -1, 1, 4, 0, -1, -2, 0, -2, 1, -1, 1, 1, -2, 2, 1, -2, -1, 0, 0, -1, 2, 0, 4, -1, 0, 0, 0, 1, -1, 1, -2, 1, -1, 0, 2, 0, 1, 1, 1, -1, -1, -1, 4, 0, -1, 0, -1, 0, -1, -1, 2, 0, 0, 1, 0, -1, 0, 0, -1, -2, 0, 0, 4, 1, 2, -2, 1, 1, 2, 0, 2, 1, -1, -1, 1, 2, -2, 1, 0, 0, -1, 1, 4, 0, -1, -1, 2, -1, 2, -1, -2, 0, 1, -2, -1, 0, -1, -2, 0, 0, 2, 0, 4, -1, 0, 0, 1, -2, 0, 0, -1, 0, -1, 0, 0, 0, 1, 1, -1, -2, -1, -1, 4, -1, 0, -1, 2, -2, 0, 1, 0, -1, -1, 2, -1, -1, -1, 0, 1, -1, 0, -1, 4, -1, 2, -1, 2, 2, -1, -1, 0, 1, -2, 1, 1, 1, -1, 1, 2, 0, 0, -1, 4])),
integer_lattice(; gram=matrix(ZZ,3,3,[-2,1,0,1,10,0,0,0,-28])),
[2]),
#S_5 generic 1
(integer_lattice(; gram=matrix(ZZ, 19, 19, [4, -1, 1, -1, -2, 2, -1, -1, 2, -2, -1, 2, 2, 2, -2, 2, -2, 2, 1, -1, 4, -1, 2, 0, 1, -1, 2, -1, 2, 2, -1, -2, -2, 2, 1, 0, -1, -1, 1, -1, 4, -2, -2, 0, 1, -1, -1, 0, 0, -1, 0, 0, -2, 0, -2, -1, 2, -1, 2, -2, 4, 1, 0, 0, 2, -1, 0, 2, 1, 0, -1, 1, 1, 0, -1, -1, -2, 0, -2, 1, 4, -2, 0, 1, -1, 1, -1, -1, 0, 0, 2, -2, 1, -1, 0, 2, 1, 0, 0, -2, 4, -2, -1, 2, -1, 0, 1, 0, 1, -1, 1, -1, 1, -1, -1, -1, 1, 0, 0, -2, 4, -1, -1, 1, 0, 0, -1, 0, 0, 0, 1, -2, 0, -1, 2, -1, 2, 1, -1, -1, 4, -1, 1, 1, 0, 0, -2, 1, 1, -1, 0, 0, 2, -1, -1, -1, -1, 2, -1, -1, 4, -1, -1, 2, 1, 2, -1, 1, 0, 2, -1, -2, 2, 0, 0, 1, -1, 1, 1, -1, 4, 0, -2, -2, -2, 2, 0, 1, -2, 0, -1, 2, 0, 2, -1, 0, 0, 1, -1, 0, 4, 0, -1, -1, 0, 1, 0, -1, -1, 2, -1, -1, 1, -1, 1, 0, 0, 2, -2, 0, 4, 2, 2, -1, 2, 0, 2, -1, 2, -2, 0, 0, 0, 0, -1, 0, 1, -2, -1, 2, 4, 1, -2, 1, -1, 2, 1, 2, -2, 0, -1, 0, 1, 0, -2, 2, -2, -1, 2, 1, 4, -1, 0, 0, 1, 0, -2, 2, -2, 1, 2, -1, 0, 1, -1, 2, 0, -1, -2, -1, 4, -1, 2, -1, -1, 2, 1, 0, 1, -2, 1, 0, 1, 1, 0, 1, 2, 1, 0, -1, 4, -1, 1, 0, -2, 0, -2, 0, 1, -1, 1, -1, 0, 1, 0, 0, -1, 0, 2, -1, 4, 0, -2, 2, -1, -1, -1, -1, 1, -2, 0, 2, -2, -1, 2, 2, 1, -1, 1, 0, 4, 0, 1, -1, 2, -1, 0, -1, 0, 0, -1, 0, -1, -1, 1, 0, -1, 0, -2, 0, 4])),
integer_lattice(; gram=matrix(ZZ,3,3,[12,0,0,0,-10,5,0,5,-10])),
[2,3,6]),
#S_5 generic 2
(integer_lattice(; gram=matrix(ZZ, 19, 19, [4, -1, 1, -1, -2, 2, -1, -1, 2, -2, -1, 2, 2, 2, -2, 2, -2, 2, 1, -1, 4, -1, 2, 0, 1, -1, 2, -1, 2, 2, -1, -2, -2, 2, 1, 0, -1, -1, 1, -1, 4, -2, -2, 0, 1, -1, -1, 0, 0, -1, 0, 0, -2, 0, -2, -1, 2, -1, 2, -2, 4, 1, 0, 0, 2, -1, 0, 2, 1, 0, -1, 1, 1, 0, -1, -1, -2, 0, -2, 1, 4, -2, 0, 1, -1, 1, -1, -1, 0, 0, 2, -2, 1, -1, 0, 2, 1, 0, 0, -2, 4, -2, -1, 2, -1, 0, 1, 0, 1, -1, 1, -1, 1, -1, -1, -1, 1, 0, 0, -2, 4, -1, -1, 1, 0, 0, -1, 0, 0, 0, 1, -2, 0, -1, 2, -1, 2, 1, -1, -1, 4, -1, 1, 1, 0, 0, -2, 1, 1, -1, 0, 0, 2, -1, -1, -1, -1, 2, -1, -1, 4, -1, -1, 2, 1, 2, -1, 1, 0, 2, -1, -2, 2, 0, 0, 1, -1, 1, 1, -1, 4, 0, -2, -2, -2, 2, 0, 1, -2, 0, -1, 2, 0, 2, -1, 0, 0, 1, -1, 0, 4, 0, -1, -1, 0, 1, 0, -1, -1, 2, -1, -1, 1, -1, 1, 0, 0, 2, -2, 0, 4, 2, 2, -1, 2, 0, 2, -1, 2, -2, 0, 0, 0, 0, -1, 0, 1, -2, -1, 2, 4, 1, -2, 1, -1, 2, 1, 2, -2, 0, -1, 0, 1, 0, -2, 2, -2, -1, 2, 1, 4, -1, 0, 0, 1, 0, -2, 2, -2, 1, 2, -1, 0, 1, -1, 2, 0, -1, -2, -1, 4, -1, 2, -1, -1, 2, 1, 0, 1, -2, 1, 0, 1, 1, 0, 1, 2, 1, 0, -1, 4, -1, 1, 0, -2, 0, -2, 0, 1, -1, 1, -1, 0, 1, 0, 0, -1, 0, 2, -1, 4, 0, -2, 2, -1, -1, -1, -1, 1, -2, 0, 2, -2, -1, 2, 2, 1, -1, 1, 0, 4, 0, 1, -1, 2, -1, 0, -1, 0, 0, -1, 0, -1, -1, 1, 0, -1, 0, -2, 0, 4])),
integer_lattice(; gram=matrix(ZZ,3,3,[-20,0,0,0,10,5,0,5,2])),
[6]),
#M_9 generic 1
(integer_lattice(; gram=matrix(ZZ, 19, 19, [4, 2, 1, 0, -1, 0, -1, 2, -1, -2, 1, 1, -2, 2, 1, 2, 0, 2, 2, 2, 4, 1, 0, 0, 0, 0, 2, -1, -2, 1, 0, -2, 0, 2, 0, -1, 0, 2, 1, 1, 4, 0, 0, -1, 1, 1, -1, 1, 1, 2, -2, 1, -1, 1, -1, 1, 2, 0, 0, 0, 4, 2, 2, 2, 2, -2, -1, -2, 1, 1, 1, -1, 2, -1, 1, 0, -1, 0, 0, 2, 4, 1, 2, 0, -2, 1, -2, 1, 2, -1, -1, 1, -2, -1, 1, 0, 0, -1, 2, 1, 4, 2, 1, -2, -1, 0, 1, 1, -1, -1, 2, 1, 0, -1, -1, 0, 1, 2, 2, 2, 4, 0, -2, 1, -1, 2, 0, -1, -2, 1, -1, -1, 0, 2, 2, 1, 2, 0, 1, 0, 4, -2, -2, 0, 0, -1, 1, 1, 2, 0, 2, 1, -1, -1, -1, -2, -2, -2, -2, -2, 4, 0, 1, -1, 0, 0, 1, -2, 1, 0, -1, -2, -2, 1, -1, 1, -1, 1, -2, 0, 4, 0, 0, 1, -1, -2, -1, 0, -1, 0, 1, 1, 1, -2, -2, 0, -1, 0, 1, 0, 4, 0, -1, 0, 0, 0, 2, 0, 0, 1, 0, 2, 1, 1, 1, 2, 0, -1, 0, 0, 4, -1, 1, -2, 2, -1, 1, 1, -2, -2, -2, 1, 2, 1, 0, -1, 0, 1, -1, -1, 4, -1, -1, 0, 0, -1, -1, 2, 0, 1, 1, -1, -1, -1, 1, 0, -1, 0, 1, -1, 4, 0, 1, 0, 2, 1, 1, 2, -1, -1, -1, -1, -2, 1, 1, -2, 0, -2, -1, 0, 4, -1, 0, 0, 1, 2, 0, 1, 2, 1, 2, 1, 2, -2, -1, 0, 2, 0, 1, -1, 4, 0, 2, 1, 0, -1, -1, -1, -2, 1, -1, 0, 1, 0, 2, -1, 0, 0, 0, 0, 4, 0, -2, 2, 0, 1, 1, -1, 0, -1, 2, 0, -1, 0, 1, -1, 2, 0, 2, 0, 4, 1, 2, 2, 2, 0, 1, -1, 0, 1, -1, 0, 0, 1, -1, 1, 1, 1, -2, 1, 4])),
integer_lattice(; gram=matrix(ZZ,3,3,[-6,0,0,0,-6,0,0,0,18])),
[3]),
#N_{72} generic 2
(integer_lattice(; gram=matrix(ZZ, 19, 19, [4, 1, -2, -1, -1, 1, 2, 1, -1, -1, 2, 2, 1, -2, -2, -1, -2, 2, -2, 1, 4, -2, -2, 1, -1, 1, 2, -2, 1, 2, -1, 2, -2, -2, -2, -2, 0, -1, -2, -2, 4, 0, 1, 1, 0, -2, 2, -1, -1, 0, -2, 2, 2, 1, 2, -1, 0, -1, -2, 0, 4, -2, -1, -2, -1, 0, 0, -2, 1, -1, 0, 1, 2, 2, -1, 2, -1, 1, 1, -2, 4, 1, 1, -1, 0, 0, 0, -2, 1, 1, -1, 0, 0, 0, -1, 1, -1, 1, -1, 1, 4, 2, 0, 1, -2, 1, 0, 0, 0, -1, 1, 1, 2, -2, 2, 1, 0, -2, 1, 2, 4, 0, -1, -2, 2, 1, 0, -1, -1, 0, -1, 2, -2, 1, 2, -2, -1, -1, 0, 0, 4, -1, 0, 1, 0, 2, -1, -1, -2, -1, 0, -1, -1, -2, 2, 0, 0, 1, -1, -1, 4, -1, 0, -1, -1, 2, 2, 0, 1, -1, 1, -1, 1, -1, 0, 0, -2, -2, 0, -1, 4, -1, -1, 1, 0, -1, 0, 0, 0, 1, 2, 2, -1, -2, 0, 1, 2, 1, 0, -1, 4, 0, 1, -2, -1, -1, -2, 1, -1, 2, -1, 0, 1, -2, 0, 1, 0, -1, -1, 0, 4, -1, -1, 0, 0, 0, 1, -1, 1, 2, -2, -1, 1, 0, 0, 2, -1, 1, 1, -1, 4, -1, -2, -1, -1, 0, -1, -2, -2, 2, 0, 1, 0, -1, -1, 2, 0, -2, -1, -1, 4, 2, 1, 1, -1, 1, -2, -2, 2, 1, -1, -1, -1, -1, 2, -1, -1, 0, -2, 2, 4, 0, 1, -2, 2, -1, -2, 1, 2, 0, 1, 0, -2, 0, 0, -1, 0, -1, 1, 0, 4, 2, 1, 1, -2, -2, 2, 2, 0, 1, -1, -1, 1, 0, -2, 0, -1, 1, 1, 2, 4, 0, 1, 2, 0, -1, -1, 0, 2, 2, 0, -1, 0, 1, 1, 0, -1, -2, 1, 0, 4, -1, -2, -1, 0, 2, -1, -2, -2, -1, 1, 1, -1, -1, -1, 1, 2, 1, 1, -1, 4])),
integer_lattice(; gram=matrix(ZZ,3,3,[2,5,-2,5,2,-2,-2,-2,-4])),
[6]),
#T_{48} already known
#3^{1+4}:2 generic 2
(integer_lattice(; gram=matrix(ZZ, 18, 18, [4, 1, -2, -1, -2, 1, 2, -1, -2, 2, -1, -2, 1, 2, -2, -1, 1, -2, 1, 4, -2, 1, 1, 2, 1, -2, 0, 2, -2, 1, -1, -1, -2, -2, 1, -1, -2, -2, 4, 1, 1, -2, -1, 2, 2, -1, 1, 1, -1, -1, 2, 2, 0, 2, -1, 1, 1, 4, 0, -1, -1, 1, 2, 1, 1, 2, 0, -2, -1, 1, 1, 2, -2, 1, 1, 0, 4, 1, -1, 0, 1, 0, -1, 2, -1, -1, 1, -1, -1, 0, 1, 2, -2, -1, 1, 4, 0, -2, -1, 2, -2, -1, -1, 0, 0, -2, -1, -2, 2, 1, -1, -1, -1, 0, 4, -2, -2, 1, -1, 0, 1, 0, -1, 0, 2, -2, -1, -2, 2, 1, 0, -2, -2, 4, 1, -1, 1, 0, 0, 1, 0, 2, 0, 2, -2, 0, 2, 2, 1, -1, -2, 1, 4, 0, 0, 1, -2, -1, 1, 0, -1, 2, 2, 2, -1, 1, 0, 2, 1, -1, 0, 4, -2, 0, 0, 0, -1, -1, 0, -1, -1, -2, 1, 1, -1, -2, -1, 1, 0, -2, 4, 0, 2, 0, 0, 2, 0, 2, -2, 1, 1, 2, 2, -1, 0, 0, 1, 0, 0, 4, 0, -2, 0, 0, 1, 1, 1, -1, -1, 0, -1, -1, 1, 0, -2, 0, 2, 0, 4, 1, -1, 1, 0, 0, 2, -1, -1, -2, -1, 0, 0, 1, -1, 0, 0, -2, 1, 4, -1, 0, -1, -1, -2, -2, 2, -1, 1, 0, -1, 0, 1, -1, 0, 0, -1, -1, 4, 0, -2, 0, -1, -2, 2, 1, -1, -2, 0, 2, 0, -1, 2, 0, 1, 0, 0, 4, 1, 2, 1, 1, 0, 1, -1, -1, 2, 0, -1, 0, 0, 1, 0, -1, -2, 1, 4, 0, -2, -1, 2, 2, 0, -2, -2, 2, 2, -1, 2, 1, 0, -1, 0, 2, 0, 4])),
integer_lattice(; gram=matrix(ZZ,4,4,[0,3,0,0,3,0,0,0,0,0,0,3,0,0,3,0])),
[4,6,12]),
#A_{4,3} generic 1
(integer_lattice(; gram=matrix(ZZ, 18, 18, [4, -1, 1, 2, -2, 2, -1, -1, -1, 1, -2, -2, 2, -2, -1, 1, -1, -2, -1, 4, 1, -1, 0, 0, 2, 2, 2, 1, 1, -1, 1, 1, -1, 1, 2, 2, 1, 1, 4, 2, -1, 2, 0, 0, -1, 2, -1, -1, 2, -2, 0, 2, -1, -1, 2, -1, 2, 4, -1, 2, 0, 0, -1, 0, -2, 0, 2, -2, -1, 0, -2, -1, -2, 0, -1, -1, 4, 0, -1, 0, -1, -2, 2, 0, 0, 0, 2, -2, 1, 1, 2, 0, 2, 2, 0, 4, 0, -1, -1, 1, 0, -1, 2, -2, 0, 0, -1, -1, -1, 2, 0, 0, -1, 0, 4, 2, 2, 1, 0, 1, 0, 1, -1, 0, 0, 2, -1, 2, 0, 0, 0, -1, 2, 4, 1, 0, -1, 1, 0, 0, 0, 1, 0, 2, -1, 2, -1, -1, -1, -1, 2, 1, 4, 0, 1, 1, -1, 2, -2, 0, 2, 2, 1, 1, 2, 0, -2, 1, 1, 0, 0, 4, 0, -1, 0, 0, 0, 2, -1, 0, -2, 1, -1, -2, 2, 0, 0, -1, 1, 0, 4, 0, -1, 2, 1, -1, 2, 1, -2, -1, -1, 0, 0, -1, 1, 1, 1, -1, 0, 4, -2, 1, 0, -1, -1, 1, 2, 1, 2, 2, 0, 2, 0, 0, -1, 0, -1, -2, 4, -2, -1, 0, 0, -1, -2, 1, -2, -2, 0, -2, 1, 0, 2, 0, 2, 1, -2, 4, -1, -1, 1, 2, -1, -1, 0, -1, 2, 0, -1, 0, -2, 0, 1, 0, -1, -1, 4, 0, 0, 0, 1, 1, 2, 0, -2, 0, 0, 1, 0, 2, -1, -1, 0, -1, 0, 4, 0, -1, -1, 2, -1, -2, 1, -1, 0, 0, 2, -1, 2, -1, 0, 1, 0, 0, 4, 1, -2, 2, -1, -1, 1, -1, 2, 2, 2, 0, 1, 1, -1, 2, 0, -1, 1, 4])),
integer_lattice(; gram=matrix(ZZ,4,4,[0,0,0,6,0,0,6,0,0,6,6,3,6,0,3,6])),
[2,3,6]),
#A_{4,3} generic 2
(integer_lattice(; gram=matrix(ZZ, 18, 18, [4, -1, 1, 2, -2, 2, -1, -1, -1, 1, -2, -2, 2, -2, -1, 1, -1, -2, -1, 4, 1, -1, 0, 0, 2, 2, 2, 1, 1, -1, 1, 1, -1, 1, 2, 2, 1, 1, 4, 2, -1, 2, 0, 0, -1, 2, -1, -1, 2, -2, 0, 2, -1, -1, 2, -1, 2, 4, -1, 2, 0, 0, -1, 0, -2, 0, 2, -2, -1, 0, -2, -1, -2, 0, -1, -1, 4, 0, -1, 0, -1, -2, 2, 0, 0, 0, 2, -2, 1, 1, 2, 0, 2, 2, 0, 4, 0, -1, -1, 1, 0, -1, 2, -2, 0, 0, -1, -1, -1, 2, 0, 0, -1, 0, 4, 2, 2, 1, 0, 1, 0, 1, -1, 0, 0, 2, -1, 2, 0, 0, 0, -1, 2, 4, 1, 0, -1, 1, 0, 0, 0, 1, 0, 2, -1, 2, -1, -1, -1, -1, 2, 1, 4, 0, 1, 1, -1, 2, -2, 0, 2, 2, 1, 1, 2, 0, -2, 1, 1, 0, 0, 4, 0, -1, 0, 0, 0, 2, -1, 0, -2, 1, -1, -2, 2, 0, 0, -1, 1, 0, 4, 0, -1, 2, 1, -1, 2, 1, -2, -1, -1, 0, 0, -1, 1, 1, 1, -1, 0, 4, -2, 1, 0, -1, -1, 1, 2, 1, 2, 2, 0, 2, 0, 0, -1, 0, -1, -2, 4, -2, -1, 0, 0, -1, -2, 1, -2, -2, 0, -2, 1, 0, 2, 0, 2, 1, -2, 4, -1, -1, 1, 2, -1, -1, 0, -1, 2, 0, -1, 0, -2, 0, 1, 0, -1, -1, 4, 0, 0, 0, 1, 1, 2, 0, -2, 0, 0, 1, 0, 2, -1, -1, 0, -1, 0, 4, 0, -1, -1, 2, -1, -2, 1, -1, 0, 0, 2, -1, 2, -1, 0, 1, 0, 0, 4, 1, -2, 2, -1, -1, 1, -1, 2, 2, 2, 0, 1, 1, -1, 2, 0, -1, 1, 4])),
integer_lattice(; gram=matrix(ZZ,4,4,[8,4,0,0,4,8,0,0,0,0,-2,-1,0,0,-1,-2])),
[6]),
#A_5 generic 1
(integer_lattice(; gram=matrix(ZZ, 18, 18, [4, -2, -1, -2, 0, 2, -1, 2, 1, 0, -1, 1, -2, -2, 2, -2, 1, 0, -2, 4, -1, 2, 0, -1, 2, -1, 0, 1, -1, 0, 1, 2, 0, 1, -2, 1, -1, -1, 4, 0, -1, 1, 0, 0, 1, -2, 1, -2, 2, -1, -2, 2, 2, 1, -2, 2, 0, 6, 2, -3, 1, 0, 1, -1, 0, -2, 3, 3, -1, 2, 0, -2, 0, 0, -1, 2, 4, -1, 0, 1, 0, 1, 1, -1, 0, 2, 0, 1, 1, -1, 2, -1, 1, -3, -1, 6, -1, 2, 2, 0, -2, -1, -1, -2, 2, 1, 2, 3, -1, 2, 0, 1, 0, -1, 4, 0, 1, -1, 1, 1, 0, 1, 0, 1, -2, 1, 2, -1, 0, 0, 1, 2, 0, 4, 1, -1, -1, -1, 0, 0, 2, 0, 1, 1, 1, 0, 1, 1, 0, 2, 1, 1, 4, -1, 0, -1, 0, 0, 1, 1, 1, 1, 0, 1, -2, -1, 1, 0, -1, -1, -1, 4, 0, 1, -1, 1, 0, -1, 0, 0, -1, -1, 1, 0, 1, -2, 1, -1, 0, 0, 4, 0, 0, 1, -2, 0, 0, -1, 1, 0, -2, -2, -1, -1, 1, -1, -1, 1, 0, 4, -2, -1, 1, -2, -2, 0, -2, 1, 2, 3, 0, -1, 0, 0, 0, -1, 0, -2, 4, 1, -2, 2, 1, 0, -2, 2, -1, 3, 2, -2, 1, 0, 0, 1, 1, -1, 1, 4, 0, 1, -1, -1, 2, 0, -2, -1, 0, 2, 0, 2, 1, 0, -2, 1, -2, 0, 4, -1, -1, 1, -2, 1, 2, 2, 1, 1, 1, 0, 1, -1, 0, -2, 2, 1, -1, 4, 1, 1, 1, -2, 2, 0, 1, 2, -2, 1, 1, 0, 0, -2, 1, -1, -1, 1, 4, 0, 0, 1, 1, -2, -1, 3, 1, 1, 1, 0, -1, 0, 0, -1, 1, 1, 0, 4])),
integer_lattice(; gram=matrix(ZZ,4,4,[4,2,0,0,2,4,0,0,0,0,-10,-5,0,0,-5,-10])),
[2,3,6]),
#A_5 generic 2
(integer_lattice(; gram=matrix(ZZ, 18, 18, [4, -2, -1, -2, 0, 2, -1, 2, 1, 0, -1, 1, -2, -2, 2, -2, 1, 0, -2, 4, -1, 2, 0, -1, 2, -1, 0, 1, -1, 0, 1, 2, 0, 1, -2, 1, -1, -1, 4, 0, -1, 1, 0, 0, 1, -2, 1, -2, 2, -1, -2, 2, 2, 1, -2, 2, 0, 6, 2, -3, 1, 0, 1, -1, 0, -2, 3, 3, -1, 2, 0, -2, 0, 0, -1, 2, 4, -1, 0, 1, 0, 1, 1, -1, 0, 2, 0, 1, 1, -1, 2, -1, 1, -3, -1, 6, -1, 2, 2, 0, -2, -1, -1, -2, 2, 1, 2, 3, -1, 2, 0, 1, 0, -1, 4, 0, 1, -1, 1, 1, 0, 1, 0, 1, -2, 1, 2, -1, 0, 0, 1, 2, 0, 4, 1, -1, -1, -1, 0, 0, 2, 0, 1, 1, 1, 0, 1, 1, 0, 2, 1, 1, 4, -1, 0, -1, 0, 0, 1, 1, 1, 1, 0, 1, -2, -1, 1, 0, -1, -1, -1, 4, 0, 1, -1, 1, 0, -1, 0, 0, -1, -1, 1, 0, 1, -2, 1, -1, 0, 0, 4, 0, 0, 1, -2, 0, 0, -1, 1, 0, -2, -2, -1, -1, 1, -1, -1, 1, 0, 4, -2, -1, 1, -2, -2, 0, -2, 1, 2, 3, 0, -1, 0, 0, 0, -1, 0, -2, 4, 1, -2, 2, 1, 0, -2, 2, -1, 3, 2, -2, 1, 0, 0, 1, 1, -1, 1, 4, 0, 1, -1, -1, 2, 0, -2, -1, 0, 2, 0, 2, 1, 0, -2, 1, -2, 0, 4, -1, -1, 1, -2, 1, 2, 2, 1, 1, 1, 0, 1, -1, 0, -2, 2, 1, -1, 4, 1, 1, 1, -2, 2, 0, 1, 2, -2, 1, 1, 0, 0, -2, 1, -1, -1, 1, 4, 0, 0, 1, 1, -2, -1, 3, 1, 1, 1, 0, -1, 0, 0, -1, 1, 1, 0, 4])),
integer_lattice(; gram=matrix(ZZ,4,4,[-2,1,0,0,1,2,0,0,0,0,4,2,0,0,2,-4])),
[6]),
#3^2.2 generic 1
(integer_lattice(; gram=matrix(ZZ, 18, 18, [4, 2, 0, -1, 1, -2, 0, 1, 0, -1, 1, -2, -1, -2, 2, 1, -1, -2, 2, 6, -1, -2, 2, -2, 2, 3, -1, -3, 0, -3, -2, -1, 0, 3, 2, -3, 0, -1, 4, 1, -2, 0, 1, -2, 1, 1, 2, 2, -1, -1, 2, -1, -2, -1, -1, -2, 1, 4, -2, 2, 1, -2, -1, 1, 1, 1, 0, -1, 1, 0, 0, 0, 1, 2, -2, -2, 4, 0, -1, 3, -1, -2, 0, -2, 1, 0, 0, 2, 2, 0, -2, -2, 0, 2, 0, 4, -1, 0, -1, 1, 1, 1, 2, 1, 0, 0, 1, 2, 0, 2, 1, 1, -1, -1, 4, 0, 0, -1, 1, 0, -2, -1, 1, 1, 1, -2, 1, 3, -2, -2, 3, 0, 0, 6, -2, -3, 1, -1, -1, -1, -1, 1, 3, -1, 0, -1, 1, -1, -1, -1, 0, -2, 4, 2, -1, 0, 1, 2, 0, -2, -2, 0, -1, -3, 1, 1, -2, 1, -1, -3, 2, 4, -1, 1, 1, 2, 0, -2, -2, 2, 1, 0, 2, 1, 0, 1, 1, 1, -1, -1, 4, 1, -1, -2, 2, 0, 0, -1, -2, -3, 2, 1, -2, 1, 0, -1, 0, 1, 1, 4, 0, 0, 0, -2, -1, 1, -1, -2, -1, 0, 1, 2, -2, -1, 1, 1, -1, 0, 4, 2, 0, 0, 0, 2, -2, -1, -1, -1, 0, 1, -1, -1, 2, 2, -2, 0, 2, 4, -2, -1, 0, 2, 2, 0, 2, 1, 0, 0, 1, -1, 0, 0, 2, 0, 0, -2, 4, 1, -1, -1, 1, 3, -1, 0, 2, 0, 1, 1, -2, -2, 0, -2, 0, -1, 1, 4, 2, -1, -1, 2, -2, 0, 2, 1, 1, 3, -2, -2, 0, -1, 0, 0, -1, 2, 4, 0, -2, -3, -1, 0, 0, 2, -2, -1, 0, 2, -1, 1, 2, 2, -1, -1, 0, 4])),
integer_lattice(; gram=matrix(ZZ,4,4,[-6,0,0,0,0,-6,0,0,0,0,6,3,0,0,3,6])),
[2,3,6]),
#3^2.2 generic 2
(integer_lattice(; gram=matrix(ZZ, 18, 18, [4, 2, 0, -1, 1, -2, 0, 1, 0, -1, 1, -2, -1, -2, 2, 1, -1, -2, 2, 6, -1, -2, 2, -2, 2, 3, -1, -3, 0, -3, -2, -1, 0, 3, 2, -3, 0, -1, 4, 1, -2, 0, 1, -2, 1, 1, 2, 2, -1, -1, 2, -1, -2, -1, -1, -2, 1, 4, -2, 2, 1, -2, -1, 1, 1, 1, 0, -1, 1, 0, 0, 0, 1, 2, -2, -2, 4, 0, -1, 3, -1, -2, 0, -2, 1, 0, 0, 2, 2, 0, -2, -2, 0, 2, 0, 4, -1, 0, -1, 1, 1, 1, 2, 1, 0, 0, 1, 2, 0, 2, 1, 1, -1, -1, 4, 0, 0, -1, 1, 0, -2, -1, 1, 1, 1, -2, 1, 3, -2, -2, 3, 0, 0, 6, -2, -3, 1, -1, -1, -1, -1, 1, 3, -1, 0, -1, 1, -1, -1, -1, 0, -2, 4, 2, -1, 0, 1, 2, 0, -2, -2, 0, -1, -3, 1, 1, -2, 1, -1, -3, 2, 4, -1, 1, 1, 2, 0, -2, -2, 2, 1, 0, 2, 1, 0, 1, 1, 1, -1, -1, 4, 1, -1, -2, 2, 0, 0, -1, -2, -3, 2, 1, -2, 1, 0, -1, 0, 1, 1, 4, 0, 0, 0, -2, -1, 1, -1, -2, -1, 0, 1, 2, -2, -1, 1, 1, -1, 0, 4, 2, 0, 0, 0, 2, -2, -1, -1, -1, 0, 1, -1, -1, 2, 2, -2, 0, 2, 4, -2, -1, 0, 2, 2, 0, 2, 1, 0, 0, 1, -1, 0, 0, 2, 0, 0, -2, 4, 1, -1, -1, 1, 3, -1, 0, 2, 0, 1, 1, -2, -2, 0, -2, 0, -1, 1, 4, 2, -1, -1, 2, -2, 0, 2, 1, 1, 3, -2, -2, 0, -1, 0, 0, -1, 2, 4, 0, -2, -3, -1, 0, 0, 2, -2, -1, 0, 2, -1, 1, 2, 2, -1, -1, 0, 4])),
integer_lattice(; gram=matrix(ZZ,4,4,[18,0,0,0,0,2,0,0,0,0,-2,-1,0,0,-1,-2])),
[6]),
# S_{3,3} generic 2
(

[6]),
]

symplectic_incident_pairs = []